1	0.5530806183815002
2	0.6833480000495911
3	0.7658576965332031
4	0.7275227308273315
5	0.7949896454811096
6	0.7498284578323364
7	0.6929316520690918
8	0.7075834274291992
9	0.6946214437484741
10	0.7708045244216919
11	0.642568051815033
12	0.7287095189094543
13	0.6738929748535156
14	0.6952829957008362
15	0.6508044600486755
16	0.694806694984436
17	0.6531872153282166
18	0.7209988236427307
19	0.7320919036865234
20	0.7306125164031982
21	0.719630777835846
22	0.640345573425293
23	0.7004303932189941
24	0.6465299725532532
25	0.6956146955490112
26	0.6994901299476624
27	0.6822207570075989
28	0.6823103427886963
29	0.6600848436355591
30	0.7467132210731506
31	0.7060877680778503
32	0.7180250883102417
33	0.7450602650642395
34	0.6618824601173401
35	0.6554070711135864
36	0.662184476852417
37	0.7151356935501099
38	0.6515950560569763
39	0.6480487585067749
