1	0.7578272819519043
2	0.799906849861145
3	0.8031935691833496
4	0.6816915273666382
5	0.7121381163597107
6	0.7427651882171631
7	0.6741856932640076
8	0.7115065455436707
9	0.6659683585166931
10	0.7458406090736389
11	0.6508029699325562
12	0.6464334726333618
13	0.7096243500709534
14	0.6649474501609802
15	0.7595984935760498
16	0.7225704789161682
17	0.697807788848877
18	0.6609574556350708
19	0.7109944820404053
20	0.6817384958267212
21	0.6701485514640808
22	0.6924045085906982
23	0.7301046252250671
24	0.6514358520507812
25	0.6761046648025513
26	0.7184135913848877
27	0.6665043234825134
28	0.6651604175567627
29	0.6540504693984985
30	0.6713438630104065
31	0.6538097262382507
32	0.6563215255737305
33	0.746804416179657
34	0.6789728999137878
35	0.7231866717338562
36	0.7203543782234192
37	0.6678085923194885
38	0.6756130456924438
39	0.6382384896278381
